0 63 87
0 68 42
0 85 42
0 92 79
0 98 54
1 17 15
1 23 47
1 56 13
2 5 41
2 24 3
2 27 30
2 42 8
2 48 65
2 51 8
2 64 70
2 65 71
2 72 47
2 79 76
2 81 46
2 95 34
2 98 82
3 37 36
3 41 74
3 53 80
3 61 8
3 62 60
3 63 5
3 68 87
3 72 96
3 73 46
3 75 59
3 83 7
3 96 91
4 10 15
4 26 57
4 40 97
4 48 59
4 57 17
4 59 100
4 68 61
4 84 73
4 87 74
4 90 31
5 2 41
5 15 41
5 16 3
5 17 37
5 22 33
5 31 27
5 35 25
5 36 90
5 38 70
5 44 79
5 52 54
5 55 13
5 66 91
5 67 78
5 82 15
5 84 81
5 86 71
5 95 95
5 99 59
6 9 66
6 12 57
6 26 22
6 28 52
6 30 24
6 43 83
6 49 3
6 70 5
6 75 88
6 82 72
6 88 50
7 8 59
7 19 4
7 29 27
7 32 4
7 42 32
7 49 42
7 64 4
7 66 74
7 71 75
7 73 70
7 83 33
7 85 89
7 88 28
7 90 70
7 94 61
8 7 59
8 13 26
8 19 92
8 25 19
8 34 67
8 37 92
8 38 55
8 40 64
8 41 93
8 44 95
8 57 40
8 59 71
8 60 48
8 66 6
8 73 59
8 94 83
9 6 66
9 12 55
9 20 25
9 23 10
9 34 83
9 40 6
9 45 63
9 74 52
9 85 26
9 94 90
9 97 85
10 4 15
10 23 40
10 45 66
10 71 100
10 76 20
10 90 61
11 15 77
11 36 45
11 39 58
11 51 3
11 62 44
11 69 81
11 84 53
11 88 96
11 94 36
12 6 57
12 9 55
12 30 2
12 57 66
12 61 83
12 67 95
12 70 33
12 83 13
13 8 26
13 19 7
13 30 88
13 33 19
13 34 61
13 37 76
13 56 24
13 71 58
13 83 89
13 91 86
14 28 29
14 38 47
14 48 57
14 58 37
14 74 45
14 80 16
14 85 89
15 5 41
15 11 77
15 16 7
15 20 65
15 27 69
15 30 30
15 43 97
15 45 73
15 56 61
15 66 2
15 68 7
15 73 50
15 75 48
15 85 4
15 94 71
16 5 3
16 15 7
16 27 6
16 42 76
16 43 51
16 55 1
16 62 37
16 74 87
16 75 52
16 92 45
16 96 88
17 1 15
17 5 37
17 18 23
17 20 5
17 26 19
17 29 98
17 33 46
17 35 93
17 63 36
17 68 41
17 77 75
17 79 78
17 91 91
18 17 23
18 22 54
18 34 10
18 41 59
18 52 90
18 80 14
18 82 96
18 88 93
19 7 4
19 8 92
19 13 7
19 20 79
19 22 75
19 23 81
19 38 32
19 44 89
19 46 85
19 51 97
19 52 45
19 54 27
19 56 40
19 65 13
19 70 28
19 77 40
19 83 65
19 85 55
19 96 92
20 9 25
20 15 65
20 17 5
20 19 79
20 29 3
20 50 62
20 54 34
20 58 37
20 72 38
20 80 37
20 84 6
20 91 58
20 96 47
21 55 5
21 56 99
21 61 19
21 64 19
21 66 91
21 78 1
21 83 5
21 91 68
21 93 24
22 5 33
22 18 54
22 19 75
22 29 76
22 30 69
22 43 26
22 64 75
22 97 11
23 1 47
23 9 10
23 10 40
23 19 81
23 31 26
23 37 61
23 38 34
23 44 40
23 48 37
23 49 55
23 53 85
23 59 69
23 70 68
23 73 52
23 75 44
23 88 91
23 92 22
23 93 36
23 94 45
24 2 3
24 29 54
24 57 15
24 58 38
24 64 11
24 67 17
24 69 2
24 75 25
24 78 87
24 85 17
24 86 13
24 94 82
24 98 64
25 8 19
25 28 67
25 35 14
25 59 99
25 74 36
25 87 47
25 91 38
26 4 57
26 6 22
26 17 19
26 39 87
26 49 94
26 72 11
26 75 44
26 78 15
26 86 80
27 2 30
27 15 69
27 16 6
27 47 52
27 51 93
27 53 60
27 56 99
27 57 67
27 60 94
27 66 83
27 70 4
27 75 2
28 6 52
28 14 29
28 25 67
28 46 6
28 50 70
28 52 21
28 64 31
28 69 27
28 99 7
29 7 27
29 17 98
29 20 3
29 22 76
29 24 54
29 45 84
29 54 91
29 60 39
29 71 17
29 87 15
29 92 97
29 93 42
29 98 25
30 6 24
30 12 2
30 13 88
30 15 30
30 22 69
30 47 34
30 52 74
30 65 39
30 70 46
30 71 40
30 80 35
30 85 22
31 5 27
31 23 26
31 43 16
31 50 87
31 60 91
31 62 41
31 66 63
31 73 75
31 87 61
31 89 2
31 97 55
32 7 4
32 33 6
32 59 53
32 64 29
32 73 34
32 80 67
32 88 69
33 13 19
33 17 46
33 32 6
33 54 64
33 61 5
33 64 8
33 70 95
33 71 26
33 75 72
33 77 54
33 79 44
33 84 29
33 98 52
34 8 67
34 9 83
34 13 61
34 18 10
34 57 16
34 59 61
34 69 89
34 71 66
34 97 51
35 5 25
35 17 93
35 25 14
35 38 8
35 49 43
35 56 66
35 60 22
35 63 72
35 68 39
35 69 76
35 70 100
35 77 86
35 83 75
35 98 86
35 99 68
36 5 90
36 11 45
36 39 78
36 50 7
36 57 84
36 75 83
36 96 20
37 3 36
37 8 92
37 13 76
37 23 61
37 39 83
37 42 32
37 53 68
37 67 94
37 69 82
37 74 20
37 76 2
37 78 30
37 81 6
37 84 60
38 5 70
38 8 55
38 14 47
38 19 32
38 23 34
38 35 8
38 47 71
38 50 4
38 51 95
38 55 98
38 58 87
38 68 57
39 11 58
39 26 87
39 36 78
39 37 83
39 51 49
39 67 3
39 77 31
39 89 90
40 4 97
40 8 64
40 9 6
40 45 83
40 47 21
40 56 3
40 63 67
40 75 18
40 76 25
40 78 86
40 82 52
40 86 2
40 90 82
40 93 99
40 98 43
40 99 33
41 3 74
41 8 93
41 18 59
41 44 8
41 49 67
41 50 44
41 52 63
41 66 64
41 68 70
41 80 61
42 2 8
42 7 32
42 16 76
42 37 32
42 51 70
42 62 59
42 64 75
42 78 73
42 90 84
42 93 45
43 6 83
43 15 97
43 16 51
43 22 26
43 31 16
43 46 92
43 49 94
43 54 84
43 71 79
43 75 16
43 86 45
43 92 67
43 96 52
44 5 79
44 8 95
44 19 89
44 23 40
44 41 8
44 47 99
44 51 11
44 52 17
44 63 72
44 71 55
44 82 12
44 87 85
44 92 50
45 9 63
45 10 66
45 15 73
45 29 84
45 40 83
45 46 19
45 75 2
46 19 85
46 28 6
46 43 92
46 45 19
46 61 87
46 62 10
46 63 70
46 87 50
46 88 52
46 92 91
46 94 48
47 27 52
47 30 34
47 38 71
47 40 21
47 44 99
47 48 38
47 53 36
47 58 61
47 59 98
47 67 99
48 2 65
48 4 59
48 14 57
48 23 37
48 47 38
48 67 4
48 81 32
48 88 59
48 92 32
49 6 3
49 7 42
49 23 55
49 26 94
49 35 43
49 41 67
49 43 94
49 62 70
49 68 27
49 77 45
49 78 41
49 82 64
49 85 18
49 93 54
50 20 62
50 28 70
50 31 87
50 36 7
50 38 4
50 41 44
50 65 60
50 73 36
50 94 98
51 2 8
51 11 3
51 19 97
51 27 93
51 38 95
51 39 49
51 42 70
51 44 11
51 56 83
51 58 84
51 64 90
51 76 79
51 86 44
52 5 54
52 18 90
52 19 45
52 28 21
52 30 74
52 41 63
52 44 17
52 55 34
52 78 52
52 84 1
52 94 90
52 95 54
52 96 88
52 97 88
53 3 80
53 23 85
53 27 60
53 37 68
53 47 36
53 71 78
53 74 67
53 76 16
53 80 41
53 92 54
53 94 72
53 95 39
54 19 27
54 20 34
54 29 91
54 33 64
54 43 84
54 55 44
54 70 2
54 78 81
54 87 98
54 93 42
54 95 91
55 5 13
55 16 1
55 21 5
55 38 98
55 52 34
55 54 44
55 58 31
55 65 84
55 67 94
55 83 82
55 88 37
56 1 13
56 13 24
56 15 61
56 19 40
56 21 99
56 27 99
56 35 66
56 40 3
56 51 83
56 60 71
56 79 66
56 81 33
56 86 66
56 97 59
57 4 17
57 8 40
57 12 66
57 24 15
57 27 67
57 34 16
57 36 84
57 62 89
57 66 100
57 85 56
57 98 46
58 14 37
58 20 37
58 24 38
58 38 87
58 47 61
58 51 84
58 55 31
58 59 41
58 62 36
58 66 9
58 77 9
58 81 45
58 82 55
59 4 100
59 8 71
59 23 69
59 25 99
59 32 53
59 34 61
59 47 98
59 58 41
59 78 63
59 88 66
59 95 60
60 8 48
60 27 94
60 29 39
60 31 91
60 35 22
60 56 71
60 70 50
60 74 90
60 75 49
60 82 3
60 93 40
60 98 96
61 3 8
61 12 83
61 21 19
61 33 5
61 46 87
61 62 10
61 78 92
62 3 60
62 11 44
62 16 37
62 31 41
62 42 59
62 46 10
62 49 70
62 57 89
62 58 36
62 61 10
62 88 36
63 0 87
63 3 5
63 17 36
63 35 72
63 40 67
63 44 72
63 46 70
64 2 70
64 7 4
64 21 19
64 22 75
64 24 11
64 28 31
64 32 29
64 33 8
64 42 75
64 51 90
64 72 61
64 78 36
64 81 63
64 84 38
64 86 45
65 2 71
65 19 13
65 30 39
65 50 60
65 55 84
65 77 9
65 85 15
65 98 39
66 5 91
66 7 74
66 8 6
66 15 2
66 21 91
66 27 83
66 31 63
66 41 64
66 57 100
66 58 9
66 71 5
66 86 73
66 98 9
67 5 78
67 12 95
67 24 17
67 37 94
67 39 3
67 47 99
67 48 4
67 55 94
67 68 49
67 74 54
67 75 70
67 82 86
67 83 77
67 86 22
67 89 47
67 91 57
68 0 42
68 3 87
68 4 61
68 15 7
68 17 41
68 35 39
68 38 57
68 41 70
68 49 27
68 67 49
68 78 91
68 79 72
68 86 77
68 87 10
68 88 100
68 91 25
68 94 64
69 11 81
69 24 2
69 28 27
69 34 89
69 35 76
69 37 82
69 71 12
69 75 1
69 82 92
69 84 53
69 85 92
69 86 63
70 6 5
70 12 33
70 19 28
70 23 68
70 27 4
70 30 46
70 33 95
70 35 100
70 54 2
70 60 50
70 95 14
71 7 75
71 10 100
71 13 58
71 29 17
71 30 40
71 33 26
71 34 66
71 43 79
71 44 55
71 53 78
71 66 5
71 69 12
71 75 69
71 93 70
72 2 47
72 3 96
72 20 38
72 26 11
72 64 61
72 85 5
72 90 3
72 92 73
72 93 34
73 3 46
73 7 70
73 8 59
73 15 50
73 23 52
73 31 75
73 32 34
73 50 36
73 74 81
73 86 26
74 9 52
74 14 45
74 16 87
74 25 36
74 37 20
74 53 67
74 60 90
74 67 54
74 73 81
74 78 67
74 80 5
74 83 54
74 84 74
74 90 50
74 94 36
74 96 9
75 3 59
75 6 88
75 15 48
75 16 52
75 23 44
75 24 25
75 26 44
75 27 2
75 33 72
75 36 83
75 40 18
75 43 16
75 45 2
75 60 49
75 67 70
75 69 1
75 71 69
75 78 74
75 88 9
75 98 43
75 99 22
76 10 20
76 37 2
76 40 25
76 51 79
76 53 16
76 84 58
76 87 79
76 93 4
77 17 75
77 19 40
77 33 54
77 35 86
77 39 31
77 49 45
77 58 9
77 65 9
77 83 51
77 96 86
78 21 1
78 24 87
78 26 15
78 37 30
78 40 86
78 42 73
78 49 41
78 52 52
78 54 81
78 59 63
78 61 92
78 64 36
78 68 91
78 74 67
78 75 74
78 96 64
79 2 76
79 17 78
79 33 44
79 56 66
79 68 72
79 95 72
80 14 16
80 18 14
80 20 37
80 30 35
80 32 67
80 41 61
80 53 41
80 74 5
80 84 18
80 85 55
80 89 63
80 97 33
81 2 46
81 37 6
81 48 32
81 56 33
81 58 45
81 64 63
81 90 60
81 93 71
81 98 40
81 99 56
82 5 15
82 6 72
82 18 96
82 40 52
82 44 12
82 49 64
82 58 55
82 60 3
82 67 86
82 69 92
83 3 7
83 7 33
83 12 13
83 13 89
83 19 65
83 21 5
83 35 75
83 55 82
83 67 77
83 74 54
83 77 51
83 86 94
83 89 88
83 93 26
84 4 73
84 5 81
84 11 53
84 20 6
84 33 29
84 37 60
84 52 1
84 64 38
84 69 53
84 74 74
84 76 58
84 80 18
84 94 11
84 97 82
84 99 11
85 0 42
85 7 89
85 9 26
85 14 89
85 15 4
85 19 55
85 24 17
85 30 22
85 49 18
85 57 56
85 65 15
85 69 92
85 72 5
85 80 55
85 93 19
86 5 71
86 24 13
86 26 80
86 40 2
86 43 45
86 51 44
86 56 66
86 64 45
86 66 73
86 67 22
86 68 77
86 69 63
86 73 26
86 83 94
87 4 74
87 25 47
87 29 15
87 31 61
87 44 85
87 46 50
87 54 98
87 68 10
87 76 79
87 92 18
88 6 50
88 7 28
88 11 96
88 18 93
88 23 91
88 32 69
88 46 52
88 48 59
88 55 37
88 59 66
88 62 36
88 68 100
88 75 9
89 31 2
89 39 90
89 67 47
89 80 63
89 83 88
89 91 50
90 4 31
90 7 70
90 10 61
90 40 82
90 42 84
90 72 3
90 74 50
90 81 60
91 13 86
91 17 91
91 20 58
91 21 68
91 25 38
91 67 57
91 68 25
91 89 50
91 92 75
91 97 19
92 0 79
92 16 45
92 23 22
92 29 97
92 43 67
92 44 50
92 46 91
92 48 32
92 53 54
92 72 73
92 87 18
92 91 75
92 94 78
92 98 84
93 21 24
93 23 36
93 29 42
93 40 99
93 42 45
93 49 54
93 54 42
93 60 40
93 71 70
93 72 34
93 76 4
93 81 71
93 83 26
93 85 19
94 7 61
94 8 83
94 9 90
94 11 36
94 15 71
94 23 45
94 24 82
94 46 48
94 50 98
94 52 90
94 53 72
94 68 64
94 74 36
94 84 11
94 92 78
95 2 34
95 5 95
95 52 54
95 53 39
95 54 91
95 59 60
95 70 14
95 79 72
96 3 91
96 16 88
96 19 92
96 20 47
96 36 20
96 43 52
96 52 88
96 74 9
96 77 86
96 78 64
96 99 49
97 9 85
97 22 11
97 31 55
97 34 51
97 52 88
97 56 59
97 80 33
97 84 82
97 91 19
98 0 54
98 2 82
98 24 64
98 29 25
98 33 52
98 35 86
98 40 43
98 57 46
98 60 96
98 65 39
98 66 9
98 75 43
98 81 40
98 92 84
99 5 59
99 28 7
99 35 68
99 40 33
99 75 22
99 81 56
99 84 11
99 96 49
