0 18 3
0 3 48
1 9 27
1 12 68
1 16 2
1 28 99
2 3 87
2 8 85
2 9 93
2 13 26
3 0 48
3 2 87
3 7 40
3 8 3
3 12 90
3 16 54
3 19 16
3 21 39
3 26 90
4 7 71
4 8 15
4 13 78
4 14 47
4 16 20
5 27 12
5 7 76
6 10 11
6 29 81
7 3 40
7 4 71
7 5 76
7 14 21
8 2 85
8 3 3
8 4 15
8 13 2
8 22 4
8 15 67
9 1 27
9 2 93
9 20 3
9 24 14
10 6 11
10 12 95
10 17 20
11 18 30
11 19 76
12 1 68
12 3 90
12 10 95
13 2 26
13 4 78
13 8 2
13 23 87
14 4 47
14 7 21
14 19 80
14 22 23
14 28 53
15 8 67
15 28 54
16 1 2
16 3 54
16 4 20
16 18 48
17 10 20
17 20 46
17 28 12
17 29 55
18 0 3
18 11 30
18 16 48
18 20 62
18 22 14
19 3 16
19 11 76
19 14 80
19 22 91
19 25 6
19 26 84
19 28 67
20 9 3
20 17 46
20 18 62
20 23 83
21 3 39
21 24 94
21 25 53
22 8 4
22 14 23
22 18 14
22 19 91
22 25 68
22 26 91
23 13 87
23 20 83
23 26 7
23 28 46
24 9 14
24 21 94
24 27 23
25 19 6
25 21 53
25 22 68
25 29 36
26 3 90
26 19 84
26 22 91
26 23 7
26 27 59
27 5 12
27 24 23
27 26 59
28 1 99
28 14 53
28 15 54
28 17 12
28 19 67
28 23 46
28 29 81
29 6 81
29 17 55
29 25 36
29 28 81
